# Writing Hi! then a 12x12 image of solid black

00 02 31 06 00 35 31 42 03 48 69 21 00 00 00 00 	..1..51B.Hi!....
00 00 00 00 00 00 00 00 00 00 00 00 00 00 00 00 	................
00 00 00 00 00 00 00 00 00 00 00 00 00 00 00 00 	................
00 00 00 00 00 00 00 00 00 00 00 00 00 00 00 00 	................
00 00 00 00 00 b4 02 31 06 40 00 00 00 00 00 00 	.....´.1.@......
00 00 00 00 00 00 00 00 00 00 00 00 00 00 00 00 	................
00 00 00 00 00 00 00 00 00 00 00 00 00 00 00 00 	................
00 00 00 00 00 00 00 00 00 00 00 00 00 00 00 00 	................
00 00 00 00 00 00 00 00 00 00 77 02 31 06 80 00 	..........w.1.€.
00 00 00 00 00 00 00 00 00 00 00 00 00 00 00 00 	................
00 00 00 00 00 00 00 00 00 00 00 00 00 00 00 00 	................
00 00 00 00 00 00 00 00 00 00 00 00 00 00 00 00 	................
00 00 00 00 00 00 00 00 00 00 00 00 00 00 00 b7 	...............·
02 31 06 c0 00 00 00 00 00 00 00 00 00 00 00 00 	.1.À............
00 00 00 00 00 00 00 00 00 00 00 00 00 00 00 00 	................
00 00 00 00 00 00 00 00 00 00 00 00 00 00 00 00 	................
00 00 00 00 00 00 00 00 00 00 00 00 00 00 00 00 	................
00 00 00 00 f7 02 31 07 00 35 32 42 01 80 00 00 	....÷.1..52B.€..
00 00 00 00 00 00 00 00 00 00 00 00 00 00 00 00 	................
00 00 00 00 00 00 00 00 00 00 00 00 00 00 00 00 	................
00 00 00 00 00 00 00 00 00 00 00 00 00 00 00 00 	................
00 00 00 00 00 00 00 00 00 62 02 31 07 40 00 00 	.........b.1.@..
00 00 00 00 00 00 00 00 00 00 00 00 00 00 00 00 	................
00 00 00 00 00 00 00 00 00 00 00 00 00 00 00 00 	................
00 00 00 00 00 00 00 00 00 00 00 00 00 00 00 00 	................
00 00 00 00 00 00 00 00 00 00 00 00 00 00 78 02 	..............x.
31 07 80 00 00 00 00 00 00 00 00 00 00 00 00 00 	1.€.............
00 00 00 00 00 00 00 00 00 00 00 00 00 00 00 00 	................
00 00 00 00 00 00 00 00 00 00 00 00 00 00 00 00 	................
00 00 00 00 00 00 00 00 00 00 00 00 00 00 00 00 	................
00 00 00 b8 02 31 07 c0 00 00 00 00 00 00 00 00 	...¸.1.À........
00 00 00 00 00 00 00 00 00 00 00 00 00 00 00 00 	................
00 00 00 00 00 00 00 00 00 00 00 00 00 00 00 00 	................
00 00 00 00 00 00 00 00 00 00 00 00 00 00 00 00 	................
00 00 00 00 00 00 00 00 f8 02 31 0e 00 ff f0 ff 	........ø.1..ÿðÿ
f0 ff f0 ff f0 ff f0 ff f0 ff f0 ff f0 ff f0 ff 	ðÿðÿðÿðÿðÿðÿðÿðÿ
f0 ff f0 ff f0 00 00 00 00 00 00 00 00 00 00 00 	ðÿðÿð...........
00 00 00 00 00 00 00 00 00 00 00 00 00 00 00 00 	................
00 00 00 00 00 00 00 00 00 00 00 00 00 73 02 33 	.............s.3
03

# Writing Hi! then a 12x12 image of solid white
00 02 31 06 00 35 31 42 03 48 69 21 00 00 00 00 	..1..51B.Hi!....
00 00 00 00 00 00 00 00 00 00 00 00 00 00 00 00 	................
00 00 00 00 00 00 00 00 00 00 00 00 00 00 00 00 	................
00 00 00 00 00 00 00 00 00 00 00 00 00 00 00 00 	................
00 00 00 00 00 b4 02 31 06 40 00 00 00 00 00 00 	.....´.1.@......
00 00 00 00 00 00 00 00 00 00 00 00 00 00 00 00 	................
00 00 00 00 00 00 00 00 00 00 00 00 00 00 00 00 	................
00 00 00 00 00 00 00 00 00 00 00 00 00 00 00 00 	................
00 00 00 00 00 00 00 00 00 00 77 02 31 06 80 00 	..........w.1.€.
00 00 00 00 00 00 00 00 00 00 00 00 00 00 00 00 	................
00 00 00 00 00 00 00 00 00 00 00 00 00 00 00 00 	................
00 00 00 00 00 00 00 00 00 00 00 00 00 00 00 00 	................
00 00 00 00 00 00 00 00 00 00 00 00 00 00 00 b7 	...............·
02 31 06 c0 00 00 00 00 00 00 00 00 00 00 00 00 	.1.À............
00 00 00 00 00 00 00 00 00 00 00 00 00 00 00 00 	................
00 00 00 00 00 00 00 00 00 00 00 00 00 00 00 00 	................
00 00 00 00 00 00 00 00 00 00 00 00 00 00 00 00 	................
00 00 00 00 f7 02 31 07 00 35 32 42 01 80 00 00 	....÷.1..52B.€..
00 00 00 00 00 00 00 00 00 00 00 00 00 00 00 00 	................
00 00 00 00 00 00 00 00 00 00 00 00 00 00 00 00 	................
00 00 00 00 00 00 00 00 00 00 00 00 00 00 00 00 	................
00 00 00 00 00 00 00 00 00 62 02 31 07 40 00 00 	.........b.1.@..
00 00 00 00 00 00 00 00 00 00 00 00 00 00 00 00 	................
00 00 00 00 00 00 00 00 00 00 00 00 00 00 00 00 	................
00 00 00 00 00 00 00 00 00 00 00 00 00 00 00 00 	................
00 00 00 00 00 00 00 00 00 00 00 00 00 00 78 02 	..............x.
31 07 80 00 00 00 00 00 00 00 00 00 00 00 00 00 	1.€.............
00 00 00 00 00 00 00 00 00 00 00 00 00 00 00 00 	................
00 00 00 00 00 00 00 00 00 00 00 00 00 00 00 00 	................
00 00 00 00 00 00 00 00 00 00 00 00 00 00 00 00 	................
00 00 00 b8 02 31 07 c0 00 00 00 00 00 00 00 00 	...¸.1.À........
00 00 00 00 00 00 00 00 00 00 00 00 00 00 00 00 	................
00 00 00 00 00 00 00 00 00 00 00 00 00 00 00 00 	................
00 00 00 00 00 00 00 00 00 00 00 00 00 00 00 00 	................
00 00 00 00 00 00 00 00 f8 02 31 0e 00 00 00 00 	........ø.1.....
00 00 00 00 00 00 00 00 00 00 00 00 00 00 00 00 	................
00 00 00 00 00 00 00 00 00 00 00 00 00 00 00 00 	................
00 00 00 00 00 00 00 00 00 00 00 00 00 00 00 00 	................
00 00 00 00 00 00 00 00 00 00 00 00 00 3f 02 33 	.............?.3
03 

# Just the white image
00 02 31 06 00 35 31 42 01 80 00 00 00 00 00 00 	..1..51B.€......
00 00 00 00 00 00 00 00 00 00 00 00 00 00 00 00 	................
00 00 00 00 00 00 00 00 00 00 00 00 00 00 00 00 	................
00 00 00 00 00 00 00 00 00 00 00 00 00 00 00 00 	................
00 00 00 00 00 60 02 31 06 40 00 00 00 00 00 00 	.....`.1.@......
00 00 00 00 00 00 00 00 00 00 00 00 00 00 00 00 	................
00 00 00 00 00 00 00 00 00 00 00 00 00 00 00 00 	................
00 00 00 00 00 00 00 00 00 00 00 00 00 00 00 00 	................
00 00 00 00 00 00 00 00 00 00 77 02 31 06 80 00 	..........w.1.€.
00 00 00 00 00 00 00 00 00 00 00 00 00 00 00 00 	................
00 00 00 00 00 00 00 00 00 00 00 00 00 00 00 00 	................
00 00 00 00 00 00 00 00 00 00 00 00 00 00 00 00 	................
00 00 00 00 00 00 00 00 00 00 00 00 00 00 00 b7 	...............·
02 31 06 c0 00 00 00 00 00 00 00 00 00 00 00 00 	.1.À............
00 00 00 00 00 00 00 00 00 00 00 00 00 00 00 00 	................
00 00 00 00 00 00 00 00 00 00 00 00 00 00 00 00 	................
00 00 00 00 00 00 00 00 00 00 00 00 00 00 00 00 	................
00 00 00 00 f7 02 31 0e 00 00 00 00 00 00 00 00 	....÷.1.........
00 00 00 00 00 00 00 00 00 00 00 00 00 00 00 00 	................
00 00 00 00 00 00 00 00 00 00 00 00 00 00 00 00 	................
00 00 00 00 00 00 00 00 00 00 00 00 00 00 00 00 	................
00 00 00 00 00 00 00 00 00 3f 02 33 01          	.........?.3.

# Just the black image
00 02 31 06 00 35 31 42 01 80 00 00 00 00 00 00 	..1..51B.€......
00 00 00 00 00 00 00 00 00 00 00 00 00 00 00 00 	................
00 00 00 00 00 00 00 00 00 00 00 00 00 00 00 00 	................
00 00 00 00 00 00 00 00 00 00 00 00 00 00 00 00 	................
00 00 00 00 00 60 02 31 06 40 00 00 00 00 00 00 	.....`.1.@......
00 00 00 00 00 00 00 00 00 00 00 00 00 00 00 00 	................
00 00 00 00 00 00 00 00 00 00 00 00 00 00 00 00 	................
00 00 00 00 00 00 00 00 00 00 00 00 00 00 00 00 	................
00 00 00 00 00 00 00 00 00 00 77 02 31 06 80 00 	..........w.1.€.
00 00 00 00 00 00 00 00 00 00 00 00 00 00 00 00 	................
00 00 00 00 00 00 00 00 00 00 00 00 00 00 00 00 	................
00 00 00 00 00 00 00 00 00 00 00 00 00 00 00 00 	................
00 00 00 00 00 00 00 00 00 00 00 00 00 00 00 b7 	...............·
02 31 06 c0 00 00 00 00 00 00 00 00 00 00 00 00 	.1.À............
00 00 00 00 00 00 00 00 00 00 00 00 00 00 00 00 	................
00 00 00 00 00 00 00 00 00 00 00 00 00 00 00 00 	................
00 00 00 00 00 00 00 00 00 00 00 00 00 00 00 00 	................
00 00 00 00 f7 02 31 0e 00 ff f0 ff f0 ff f0 ff 	....÷.1..ÿðÿðÿðÿ
f0 ff f0 ff f0 ff f0 ff f0 ff f0 ff f0 ff f0 ff 	ðÿðÿðÿðÿðÿðÿðÿðÿ
f0 00 00 00 00 00 00 00 00 00 00 00 00 00 00 00 	ð...............
00 00 00 00 00 00 00 00 00 00 00 00 00 00 00 00 	................
00 00 00 00 00 00 00 00 00 73 02 33 01          	.........s.3.

# An image 72x12 consisting of alternating 12x12 blocks of black and white
00 02 31 06 00 35 31 42 06 80 00 80 01 80 02 80 	..1..51B.€.€.€.€
03 80 04 80 05 00 00 00 00 00 00 00 00 00 00 00 	.€.€............
00 00 00 00 00 00 00 00 00 00 00 00 00 00 00 00 	................
00 00 00 00 00 00 00 00 00 00 00 00 00 00 00 00 	................
00 00 00 00 00 f4 02 31 06 40 00 00 00 00 00 00 	.....ô.1.@......
00 00 00 00 00 00 00 00 00 00 00 00 00 00 00 00 	................
00 00 00 00 00 00 00 00 00 00 00 00 00 00 00 00 	................
00 00 00 00 00 00 00 00 00 00 00 00 00 00 00 00 	................
00 00 00 00 00 00 00 00 00 00 77 02 31 06 80 00 	..........w.1.€.
00 00 00 00 00 00 00 00 00 00 00 00 00 00 00 00 	................
00 00 00 00 00 00 00 00 00 00 00 00 00 00 00 00 	................
00 00 00 00 00 00 00 00 00 00 00 00 00 00 00 00 	................
00 00 00 00 00 00 00 00 00 00 00 00 00 00 00 b7 	...............·
02 31 06 c0 00 00 00 00 00 00 00 00 00 00 00 00 	.1.À............
00 00 00 00 00 00 00 00 00 00 00 00 00 00 00 00 	................
00 00 00 00 00 00 00 00 00 00 00 00 00 00 00 00 	................
00 00 00 00 00 00 00 00 00 00 00 00 00 00 00 00 	................
00 00 00 00 f7 02 31 0e 00 ff f0 ff f0 ff f0 ff 	....÷.1..ÿðÿðÿðÿ
f0 ff f0 ff f0 ff f0 ff f0 ff f0 ff f0 ff f0 ff 	ðÿðÿðÿðÿðÿðÿðÿðÿ
f0 00 0f 00 0f 00 0f 00 0f 00 0f 00 0f 00 0f 00 	ð...............
0f 00 0f 00 0f 00 0f 00 0f ff f0 ff f0 ff f0 ff 	.........ÿðÿðÿðÿ
f0 ff f0 ff f0 ff f0 ff f0 9f 02 31 0e 40 ff f0 	ðÿðÿðÿðÿðŸ.1.@ÿð
ff f0 ff f0 ff f0 00 0f 00 0f 00 0f 00 0f 00 0f 	ÿðÿðÿð..........
00 0f 00 0f 00 0f 00 0f 00 0f 00 0f 00 0f ff f0 	..............ÿð
ff f0 ff f0 ff f0 ff f0 ff f0 ff f0 ff f0 ff f0 	ÿðÿðÿðÿðÿðÿðÿðÿð
ff f0 ff f0 ff f0 00 00 00 00 00 00 00 00 23 02 	ÿðÿðÿð........#.
31 0e 80 00 00 00 00 00 00 00 00 00 00 00 00 00 	1.€.............
00 00 00 00 00 00 00 00 00 00 00 00 00 00 00 00 	................
00 00 00 00 00 00 00 00 00 00 00 00 00 00 00 00 	................
00 00 00 00 00 00 00 00 00 00 00 00 00 00 00 00 	................
00 00 00 bf 02 33 01                            	...¿.3.

# writing a stripped 12x12 

00 02 31 06 00 35 31 42 01 80 00 00 00 00 00 00 	..1..51B.€......
00 00 00 00 00 00 00 00 00 00 00 00 00 00 00 00 	................
00 00 00 00 00 00 00 00 00 00 00 00 00 00 00 00 	................
00 00 00 00 00 00 00 00 00 00 00 00 00 00 00 00 	................
00 00 00 00 00 60 02 31 06 40 00 00 00 00 00 00 	.....`.1.@......
00 00 00 00 00 00 00 00 00 00 00 00 00 00 00 00 	................
00 00 00 00 00 00 00 00 00 00 00 00 00 00 00 00 	................
00 00 00 00 00 00 00 00 00 00 00 00 00 00 00 00 	................
00 00 00 00 00 00 00 00 00 00 77 02 31 06 80 00 	..........w.1.€.
00 00 00 00 00 00 00 00 00 00 00 00 00 00 00 00 	................
00 00 00 00 00 00 00 00 00 00 00 00 00 00 00 00 	................
00 00 00 00 00 00 00 00 00 00 00 00 00 00 00 00 	................
00 00 00 00 00 00 00 00 00 00 00 00 00 00 00 b7 	...............·
02 31 06 c0 00 00 00 00 00 00 00 00 00 00 00 00 	.1.À............
00 00 00 00 00 00 00 00 00 00 00 00 00 00 00 00 	................
00 00 00 00 00 00 00 00 00 00 00 00 00 00 00 00 	................
00 00 00 00 00 00 00 00 00 00 00 00 00 00 00 00 	................
00 00 00 00 f7 02 31 0e 00 42 10 84 20 08 40 10 	....÷.1..B.„ .@.
80 21 00 42 00 84 00 08 00 10 00 20 00 40 00 80 	€!.B.„..... .@.€
00 00 00 00 00 00 00 00 00 00 00 00 00 00 00 00 	................
00 00 00 00 00 00 00 00 00 00 00 00 00 00 00 00 	................
00 00 00 00 00 00 00 00 00 ec 02 33 01          	.........ì.3.

# sending 6 messages and 2 images
00 02 31 06 00 35 31 42 0a 61 62 63 64 65 66 67 	..1..51B.abcdefg
68 69 6a 00 00 00 00 00 00 00 00 00 00 00 00 00 	hij.............
00 00 00 00 00 00 00 00 00 00 00 00 00 00 00 00 	................
00 00 00 00 00 00 00 00 00 00 00 00 00 00 00 00 	................
00 00 00 00 00 e0 02 31 06 40 00 00 00 00 00 00 	.....à.1.@......
00 00 00 00 00 00 00 00 00 00 00 00 00 00 00 00 	................
00 00 00 00 00 00 00 00 00 00 00 00 00 00 00 00 	................
00 00 00 00 00 00 00 00 00 00 00 00 00 00 00 00 	................
00 00 00 00 00 00 00 00 00 00 77 02 31 06 80 00 	..........w.1.€.
00 00 00 00 00 00 00 00 00 00 00 00 00 00 00 00 	................
00 00 00 00 00 00 00 00 00 00 00 00 00 00 00 00 	................
00 00 00 00 00 00 00 00 00 00 00 00 00 00 00 00 	................
00 00 00 00 00 00 00 00 00 00 00 00 00 00 00 b7 	...............·
02 31 06 c0 00 00 00 00 00 00 00 00 00 00 00 00 	.1.À............
00 00 00 00 00 00 00 00 00 00 00 00 00 00 00 00 	................
00 00 00 00 00 00 00 00 00 00 00 00 00 00 00 00 	................
00 00 00 00 00 00 00 00 00 00 00 00 00 00 00 00 	................
00 00 00 00 f7 02 31 07 00 35 32 42 0f 61 66 61 	....÷.1..52B.afa
73 64 66 61 73 64 66 61 73 64 66 64 00 00 00 00 	sdfasdfasdfd....
00 00 00 00 00 00 00 00 00 00 00 00 00 00 00 00 	................
00 00 00 00 00 00 00 00 00 00 00 00 00 00 00 00 	................
00 00 00 00 00 00 00 00 00 f5 02 31 07 40 00 00 	.........õ.1.@..
00 00 00 00 00 00 00 00 00 00 00 00 00 00 00 00 	................
00 00 00 00 00 00 00 00 00 00 00 00 00 00 00 00 	................
00 00 00 00 00 00 00 00 00 00 00 00 00 00 00 00 	................
00 00 00 00 00 00 00 00 00 00 00 00 00 00 78 02 	..............x.
31 07 80 00 00 00 00 00 00 00 00 00 00 00 00 00 	1.€.............
00 00 00 00 00 00 00 00 00 00 00 00 00 00 00 00 	................
00 00 00 00 00 00 00 00 00 00 00 00 00 00 00 00 	................
00 00 00 00 00 00 00 00 00 00 00 00 00 00 00 00 	................
00 00 00 b8 02 31 07 c0 00 00 00 00 00 00 00 00 	...¸.1.À........
00 00 00 00 00 00 00 00 00 00 00 00 00 00 00 00 	................
00 00 00 00 00 00 00 00 00 00 00 00 00 00 00 00 	................
00 00 00 00 00 00 00 00 00 00 00 00 00 00 00 00 	................
00 00 00 00 00 00 00 00 f8 02 31 08 00 35 33 42 	........ø.1..53B
05 34 35 36 34 35 00 00 00 00 00 00 00 00 00 00 	.45645..........
00 00 00 00 00 00 00 00 00 00 00 00 00 00 00 00 	................
00 00 00 00 00 00 00 00 00 00 00 00 00 00 00 00 	................
00 00 00 00 00 00 00 00 00 00 00 00 00 f0 02 31 	.............ð.1
08 40 00 00 00 00 00 00 00 00 00 00 00 00 00 00 	.@..............
00 00 00 00 00 00 00 00 00 00 00 00 00 00 00 00 	................
00 00 00 00 00 00 00 00 00 00 00 00 00 00 00 00 	................
00 00 00 00 00 00 00 00 00 00 00 00 00 00 00 00 	................
00 00 79 02 31 08 80 00 00 00 00 00 00 00 00 00 	..y.1.€.........
00 00 00 00 00 00 00 00 00 00 00 00 00 00 00 00 	................
00 00 00 00 00 00 00 00 00 00 00 00 00 00 00 00 	................
00 00 00 00 00 00 00 00 00 00 00 00 00 00 00 00 	................
00 00 00 00 00 00 00 b9 02 31 08 c0 00 00 00 00 	.......¹.1.À....
00 00 00 00 00 00 00 00 00 00 00 00 00 00 00 00 	................
00 00 00 00 00 00 00 00 00 00 00 00 00 00 00 00 	................
00 00 00 00 00 00 00 00 00 00 00 00 00 00 00 00 	................
00 00 00 00 00 00 00 00 00 00 00 00 f9 02 31 09 	............ù.1.
00 35 34 42 03 34 35 36 00 00 00 00 00 00 00 00 	.54B.456........
00 00 00 00 00 00 00 00 00 00 00 00 00 00 00 00 	................
00 00 00 00 00 00 00 00 00 00 00 00 00 00 00 00 	................
00 00 00 00 00 00 00 00 00 00 00 00 00 00 00 00 	................
00 87 02 31 09 40 00 00 00 00 00 00 00 00 00 00 	.‡.1.@..........
00 00 00 00 00 00 00 00 00 00 00 00 00 00 00 00 	................
00 00 00 00 00 00 00 00 00 00 00 00 00 00 00 00 	................
00 00 00 00 00 00 00 00 00 00 00 00 00 00 00 00 	................
00 00 00 00 00 00 7a 02 31 09 80 00 00 00 00 00 	......z.1.€.....
00 00 00 00 00 00 00 00 00 00 00 00 00 00 00 00 	................
00 00 00 00 00 00 00 00 00 00 00 00 00 00 00 00 	................
00 00 00 00 00 00 00 00 00 00 00 00 00 00 00 00 	................
00 00 00 00 00 00 00 00 00 00 00 ba 02 31 09 c0 	...........º.1.À
00 00 00 00 00 00 00 00 00 00 00 00 00 00 00 00 	................
00 00 00 00 00 00 00 00 00 00 00 00 00 00 00 00 	................
00 00 00 00 00 00 00 00 00 00 00 00 00 00 00 00 	................
00 00 00 00 00 00 00 00 00 00 00 00 00 00 00 00 	................
fa 02 31 0a 00 35 35 42 03 31 35 35 00 00 00 00 	ú.1..55B.155....
00 00 00 00 00 00 00 00 00 00 00 00 00 00 00 00 	................
00 00 00 00 00 00 00 00 00 00 00 00 00 00 00 00 	................
00 00 00 00 00 00 00 00 00 00 00 00 00 00 00 00 	................
00 00 00 00 00 85 02 31 0a 40 00 00 00 00 00 00 	.....….1.@......
00 00 00 00 00 00 00 00 00 00 00 00 00 00 00 00 	................
00 00 00 00 00 00 00 00 00 00 00 00 00 00 00 00 	................
00 00 00 00 00 00 00 00 00 00 00 00 00 00 00 00 	................
00 00 00 00 00 00 00 00 00 00 7b 02 31 0a 80 00 	..........{.1.€.
00 00 00 00 00 00 00 00 00 00 00 00 00 00 00 00 	................
00 00 00 00 00 00 00 00 00 00 00 00 00 00 00 00 	................
00 00 00 00 00 00 00 00 00 00 00 00 00 00 00 00 	................
00 00 00 00 00 00 00 00 00 00 00 00 00 00 00 bb 	...............»
02 31 0a c0 00 00 00 00 00 00 00 00 00 00 00 00 	.1.À............
00 00 00 00 00 00 00 00 00 00 00 00 00 00 00 00 	................
00 00 00 00 00 00 00 00 00 00 00 00 00 00 00 00 	................
00 00 00 00 00 00 00 00 00 00 00 00 00 00 00 00 	................
00 00 00 00 fb 02 31 0b 00 35 36 42 09 64 61 73 	....û.1..56B.das
64 66 61 64 73 66 00 00 00 00 00 00 00 00 00 00 	dfadsf..........
00 00 00 00 00 00 00 00 00 00 00 00 00 00 00 00 	................
00 00 00 00 00 00 00 00 00 00 00 00 00 00 00 00 	................
00 00 00 00 00 00 00 00 00 92 02 31 0b 40 00 00 	.........’.1.@..
00 00 00 00 00 00 00 00 00 00 00 00 00 00 00 00 	................
00 00 00 00 00 00 00 00 00 00 00 00 00 00 00 00 	................
00 00 00 00 00 00 00 00 00 00 00 00 00 00 00 00 	................
00 00 00 00 00 00 00 00 00 00 00 00 00 00 7c 02 	..............|.
31 0b 80 00 00 00 00 00 00 00 00 00 00 00 00 00 	1.€.............
00 00 00 00 00 00 00 00 00 00 00 00 00 00 00 00 	................
00 00 00 00 00 00 00 00 00 00 00 00 00 00 00 00 	................
00 00 00 00 00 00 00 00 00 00 00 00 00 00 00 00 	................
00 00 00 bc 02 31 0b c0 00 00 00 00 00 00 00 00 	...¼.1.À........
00 00 00 00 00 00 00 00 00 00 00 00 00 00 00 00 	................
00 00 00 00 00 00 00 00 00 00 00 00 00 00 00 00 	................
00 00 00 00 00 00 00 00 00 00 00 00 00 00 00 00 	................
00 00 00 00 00 00 00 00 fc 02 31 0c 00 35 37 42 	........ü.1..57B
01 80 00 00 00 00 00 00 00 00 00 00 00 00 00 00 	.€..............
00 00 00 00 00 00 00 00 00 00 00 00 00 00 00 00 	................
00 00 00 00 00 00 00 00 00 00 00 00 00 00 00 00 	................
00 00 00 00 00 00 00 00 00 00 00 00 00 6c 02 31 	.............l.1
0c 40 00 00 00 00 00 00 00 00 00 00 00 00 00 00 	.@..............
00 00 00 00 00 00 00 00 00 00 00 00 00 00 00 00 	................
00 00 00 00 00 00 00 00 00 00 00 00 00 00 00 00 	................
00 00 00 00 00 00 00 00 00 00 00 00 00 00 00 00 	................
00 00 7d 02 31 0c 80 00 00 00 00 00 00 00 00 00 	..}.1.€.........
00 00 00 00 00 00 00 00 00 00 00 00 00 00 00 00 	................
00 00 00 00 00 00 00 00 00 00 00 00 00 00 00 00 	................
00 00 00 00 00 00 00 00 00 00 00 00 00 00 00 00 	................
00 00 00 00 00 00 00 bd 02 31 0c c0 00 00 00 00 	.......½.1.À....
00 00 00 00 00 00 00 00 00 00 00 00 00 00 00 00 	................
00 00 00 00 00 00 00 00 00 00 00 00 00 00 00 00 	................
00 00 00 00 00 00 00 00 00 00 00 00 00 00 00 00 	................
00 00 00 00 00 00 00 00 00 00 00 00 fd 02 31 0d 	............ý.1.
00 35 38 42 01 80 01 00 00 00 00 00 00 00 00 00 	.58B.€..........
00 00 00 00 00 00 00 00 00 00 00 00 00 00 00 00 	................
00 00 00 00 00 00 00 00 00 00 00 00 00 00 00 00 	................
00 00 00 00 00 00 00 00 00 00 00 00 00 00 00 00 	................
00 6f 02 31 0d 40 00 00 00 00 00 00 00 00 00 00 	.o.1.@..........
00 00 00 00 00 00 00 00 00 00 00 00 00 00 00 00 	................
00 00 00 00 00 00 00 00 00 00 00 00 00 00 00 00 	................
00 00 00 00 00 00 00 00 00 00 00 00 00 00 00 00 	................
00 00 00 00 00 00 7e 02 31 0d 80 00 00 00 00 00 	......~.1.€.....
00 00 00 00 00 00 00 00 00 00 00 00 00 00 00 00 	................
00 00 00 00 00 00 00 00 00 00 00 00 00 00 00 00 	................
00 00 00 00 00 00 00 00 00 00 00 00 00 00 00 00 	................
00 00 00 00 00 00 00 00 00 00 00 be 02 31 0d c0 	...........¾.1.À
00 00 00 00 00 00 00 00 00 00 00 00 00 00 00 00 	................
00 00 00 00 00 00 00 00 00 00 00 00 00 00 00 00 	................
00 00 00 00 00 00 00 00 00 00 00 00 00 00 00 00 	................
00 00 00 00 00 00 00 00 00 00 00 00 00 00 00 00 	................
fe 02 31 0e 00 ff f0 ff f0 ff f0 ff f0 ff f0 ff 	þ.1..ÿðÿðÿðÿðÿðÿ
f0 ff f0 ff f0 ff f0 ff f0 ff f0 ff f0 42 10 84 	ðÿðÿðÿðÿðÿðÿðB.„
20 08 40 10 80 21 00 42 00 84 00 08 00 10 00 20 	 .@.€!.B.„..... 
00 40 00 80 00 00 00 00 00 00 00 00 00 00 00 00 	.@.€............
00 00 00 00 00 20 02 33 ff                      	..... .3ÿ

# sending 6 messages and 2 images
00 02 31 06 00 35 31 42 0a 61 62 63 64 65 66 67 	..1..51B.abcdefg
68 69 6a 00 00 00 00 00 00 00 00 00 00 00 00 00 	hij.............
00 00 00 00 00 00 00 00 00 00 00 00 00 00 00 00 	................
00 00 00 00 00 00 00 00 00 00 00 00 00 00 00 00 	................
00 00 00 00 00 e0 02 31 06 40 00 00 00 00 00 00 	.....à.1.@......
00 00 00 00 00 00 00 00 00 00 00 00 00 00 00 00 	................
00 00 00 00 00 00 00 00 00 00 00 00 00 00 00 00 	................
00 00 00 00 00 00 00 00 00 00 00 00 00 00 00 00 	................
00 00 00 00 00 00 00 00 00 00 77 02 31 06 80 00 	..........w.1.€.
00 00 00 00 00 00 00 00 00 00 00 00 00 00 00 00 	................
00 00 00 00 00 00 00 00 00 00 00 00 00 00 00 00 	................
00 00 00 00 00 00 00 00 00 00 00 00 00 00 00 00 	................
00 00 00 00 00 00 00 00 00 00 00 00 00 00 00 b7 	...............·
02 31 06 c0 00 00 00 00 00 00 00 00 00 00 00 00 	.1.À............
00 00 00 00 00 00 00 00 00 00 00 00 00 00 00 00 	................
00 00 00 00 00 00 00 00 00 00 00 00 00 00 00 00 	................
00 00 00 00 00 00 00 00 00 00 00 00 00 00 00 00 	................
00 00 00 00 f7 02 31 07 00 35 32 42 0f 61 66 61 	....÷.1..52B.afa
73 64 66 61 73 64 66 61 73 64 66 64 00 00 00 00 	sdfasdfasdfd....
00 00 00 00 00 00 00 00 00 00 00 00 00 00 00 00 	................
00 00 00 00 00 00 00 00 00 00 00 00 00 00 00 00 	................
00 00 00 00 00 00 00 00 00 f5 02 31 07 40 00 00 	.........õ.1.@..
00 00 00 00 00 00 00 00 00 00 00 00 00 00 00 00 	................
00 00 00 00 00 00 00 00 00 00 00 00 00 00 00 00 	................
00 00 00 00 00 00 00 00 00 00 00 00 00 00 00 00 	................
00 00 00 00 00 00 00 00 00 00 00 00 00 00 78 02 	..............x.
31 07 80 00 00 00 00 00 00 00 00 00 00 00 00 00 	1.€.............
00 00 00 00 00 00 00 00 00 00 00 00 00 00 00 00 	................
00 00 00 00 00 00 00 00 00 00 00 00 00 00 00 00 	................
00 00 00 00 00 00 00 00 00 00 00 00 00 00 00 00 	................
00 00 00 b8 02 31 07 c0 00 00 00 00 00 00 00 00 	...¸.1.À........
00 00 00 00 00 00 00 00 00 00 00 00 00 00 00 00 	................
00 00 00 00 00 00 00 00 00 00 00 00 00 00 00 00 	................
00 00 00 00 00 00 00 00 00 00 00 00 00 00 00 00 	................
00 00 00 00 00 00 00 00 f8 02 31 08 00 35 33 42 	........ø.1..53B
05 34 35 36 34 35 00 00 00 00 00 00 00 00 00 00 	.45645..........
00 00 00 00 00 00 00 00 00 00 00 00 00 00 00 00 	................
00 00 00 00 00 00 00 00 00 00 00 00 00 00 00 00 	................
00 00 00 00 00 00 00 00 00 00 00 00 00 f0 02 31 	.............ð.1
08 40 00 00 00 00 00 00 00 00 00 00 00 00 00 00 	.@..............
00 00 00 00 00 00 00 00 00 00 00 00 00 00 00 00 	................
00 00 00 00 00 00 00 00 00 00 00 00 00 00 00 00 	................
00 00 00 00 00 00 00 00 00 00 00 00 00 00 00 00 	................
00 00 79 02 31 08 80 00 00 00 00 00 00 00 00 00 	..y.1.€.........
00 00 00 00 00 00 00 00 00 00 00 00 00 00 00 00 	................
00 00 00 00 00 00 00 00 00 00 00 00 00 00 00 00 	................
00 00 00 00 00 00 00 00 00 00 00 00 00 00 00 00 	................
00 00 00 00 00 00 00 b9 02 31 08 c0 00 00 00 00 	.......¹.1.À....
00 00 00 00 00 00 00 00 00 00 00 00 00 00 00 00 	................
00 00 00 00 00 00 00 00 00 00 00 00 00 00 00 00 	................
00 00 00 00 00 00 00 00 00 00 00 00 00 00 00 00 	................
00 00 00 00 00 00 00 00 00 00 00 00 f9 02 31 09 	............ù.1.
00 35 34 42 03 34 35 36 00 00 00 00 00 00 00 00 	.54B.456........
00 00 00 00 00 00 00 00 00 00 00 00 00 00 00 00 	................
00 00 00 00 00 00 00 00 00 00 00 00 00 00 00 00 	................
00 00 00 00 00 00 00 00 00 00 00 00 00 00 00 00 	................
00 87 02 31 09 40 00 00 00 00 00 00 00 00 00 00 	.‡.1.@..........
00 00 00 00 00 00 00 00 00 00 00 00 00 00 00 00 	................
00 00 00 00 00 00 00 00 00 00 00 00 00 00 00 00 	................
00 00 00 00 00 00 00 00 00 00 00 00 00 00 00 00 	................
00 00 00 00 00 00 7a 02 31 09 80 00 00 00 00 00 	......z.1.€.....
00 00 00 00 00 00 00 00 00 00 00 00 00 00 00 00 	................
00 00 00 00 00 00 00 00 00 00 00 00 00 00 00 00 	................
00 00 00 00 00 00 00 00 00 00 00 00 00 00 00 00 	................
00 00 00 00 00 00 00 00 00 00 00 ba 02 31 09 c0 	...........º.1.À
00 00 00 00 00 00 00 00 00 00 00 00 00 00 00 00 	................
00 00 00 00 00 00 00 00 00 00 00 00 00 00 00 00 	................
00 00 00 00 00 00 00 00 00 00 00 00 00 00 00 00 	................
00 00 00 00 00 00 00 00 00 00 00 00 00 00 00 00 	................
fa 02 31 0a 00 35 35 42 03 31 35 35 00 00 00 00 	ú.1..55B.155....
00 00 00 00 00 00 00 00 00 00 00 00 00 00 00 00 	................
00 00 00 00 00 00 00 00 00 00 00 00 00 00 00 00 	................
00 00 00 00 00 00 00 00 00 00 00 00 00 00 00 00 	................
00 00 00 00 00 85 02 31 0a 40 00 00 00 00 00 00 	.....….1.@......
00 00 00 00 00 00 00 00 00 00 00 00 00 00 00 00 	................
00 00 00 00 00 00 00 00 00 00 00 00 00 00 00 00 	................
00 00 00 00 00 00 00 00 00 00 00 00 00 00 00 00 	................
00 00 00 00 00 00 00 00 00 00 7b 02 31 0a 80 00 	..........{.1.€.
00 00 00 00 00 00 00 00 00 00 00 00 00 00 00 00 	................
00 00 00 00 00 00 00 00 00 00 00 00 00 00 00 00 	................
00 00 00 00 00 00 00 00 00 00 00 00 00 00 00 00 	................
00 00 00 00 00 00 00 00 00 00 00 00 00 00 00 bb 	...............»
02 31 0a c0 00 00 00 00 00 00 00 00 00 00 00 00 	.1.À............
00 00 00 00 00 00 00 00 00 00 00 00 00 00 00 00 	................
00 00 00 00 00 00 00 00 00 00 00 00 00 00 00 00 	................
00 00 00 00 00 00 00 00 00 00 00 00 00 00 00 00 	................
00 00 00 00 fb 02 31 0b 00 35 36 42 09 64 61 73 	....û.1..56B.das
64 66 61 64 73 66 00 00 00 00 00 00 00 00 00 00 	dfadsf..........
00 00 00 00 00 00 00 00 00 00 00 00 00 00 00 00 	................
00 00 00 00 00 00 00 00 00 00 00 00 00 00 00 00 	................
00 00 00 00 00 00 00 00 00 92 02 31 0b 40 00 00 	.........’.1.@..
00 00 00 00 00 00 00 00 00 00 00 00 00 00 00 00 	................
00 00 00 00 00 00 00 00 00 00 00 00 00 00 00 00 	................
00 00 00 00 00 00 00 00 00 00 00 00 00 00 00 00 	................
00 00 00 00 00 00 00 00 00 00 00 00 00 00 7c 02 	..............|.
31 0b 80 00 00 00 00 00 00 00 00 00 00 00 00 00 	1.€.............
00 00 00 00 00 00 00 00 00 00 00 00 00 00 00 00 	................
00 00 00 00 00 00 00 00 00 00 00 00 00 00 00 00 	................
00 00 00 00 00 00 00 00 00 00 00 00 00 00 00 00 	................
00 00 00 bc 02 31 0b c0 00 00 00 00 00 00 00 00 	...¼.1.À........
00 00 00 00 00 00 00 00 00 00 00 00 00 00 00 00 	................
00 00 00 00 00 00 00 00 00 00 00 00 00 00 00 00 	................
00 00 00 00 00 00 00 00 00 00 00 00 00 00 00 00 	................
00 00 00 00 00 00 00 00 fc 02 31 0c 00 33 37 44 	........ü.1..37D
01 80 00 00 00 00 00 00 00 00 00 00 00 00 00 00 	.€..............
00 00 00 00 00 00 00 00 00 00 00 00 00 00 00 00 	................
00 00 00 00 00 00 00 00 00 00 00 00 00 00 00 00 	................
00 00 00 00 00 00 00 00 00 00 00 00 00 6c 02 31 	.............l.1
0c 40 00 00 00 00 00 00 00 00 00 00 00 00 00 00 	.@..............
00 00 00 00 00 00 00 00 00 00 00 00 00 00 00 00 	................
00 00 00 00 00 00 00 00 00 00 00 00 00 00 00 00 	................
00 00 00 00 00 00 00 00 00 00 00 00 00 00 00 00 	................
00 00 7d 02 31 0c 80 00 00 00 00 00 00 00 00 00 	..}.1.€.........
00 00 00 00 00 00 00 00 00 00 00 00 00 00 00 00 	................
00 00 00 00 00 00 00 00 00 00 00 00 00 00 00 00 	................
00 00 00 00 00 00 00 00 00 00 00 00 00 00 00 00 	................
00 00 00 00 00 00 00 bd 02 31 0c c0 00 00 00 00 	.......½.1.À....
00 00 00 00 00 00 00 00 00 00 00 00 00 00 00 00 	................
00 00 00 00 00 00 00 00 00 00 00 00 00 00 00 00 	................
00 00 00 00 00 00 00 00 00 00 00 00 00 00 00 00 	................
00 00 00 00 00 00 00 00 00 00 00 00 fd 02 31 0d 	............ý.1.
00 32 38 42 06 80 01 80 02 80 03 80 04 80 05 80 	.28B.€.€.€.€.€.€
06 00 00 00 00 00 00 00 00 00 00 00 00 00 00 00 	................
00 00 00 00 00 00 00 00 00 00 00 00 00 00 00 00 	................
00 00 00 00 00 00 00 00 00 00 00 00 00 00 00 00 	................
00 05 02 31 0d 40 00 00 00 00 00 00 00 00 00 00 	...1.@..........
00 00 00 00 00 00 00 00 00 00 00 00 00 00 00 00 	................
00 00 00 00 00 00 00 00 00 00 00 00 00 00 00 00 	................
00 00 00 00 00 00 00 00 00 00 00 00 00 00 00 00 	................
00 00 00 00 00 00 7e 02 31 0d 80 00 00 00 00 00 	......~.1.€.....
00 00 00 00 00 00 00 00 00 00 00 00 00 00 00 00 	................
00 00 00 00 00 00 00 00 00 00 00 00 00 00 00 00 	................
00 00 00 00 00 00 00 00 00 00 00 00 00 00 00 00 	................
00 00 00 00 00 00 00 00 00 00 00 be 02 31 0d c0 	...........¾.1.À
00 00 00 00 00 00 00 00 00 00 00 00 00 00 00 00 	................
00 00 00 00 00 00 00 00 00 00 00 00 00 00 00 00 	................
00 00 00 00 00 00 00 00 00 00 00 00 00 00 00 00 	................
00 00 00 00 00 00 00 00 00 00 00 00 00 00 00 00 	................
fe 02 31 0e 00 42 10 84 20 08 40 10 80 21 00 42 	þ.1..B.„ .@.€!.B
00 84 00 08 00 10 00 20 00 40 00 80 00 ff f0 ff 	.„..... .@.€.ÿðÿ
f0 ff f0 ff f0 ff f0 ff f0 ff f0 ff f0 ff f0 ff 	ðÿðÿðÿðÿðÿðÿðÿðÿ
f0 ff f0 ff f0 00 0f 00 0f 00 0f 00 0f 00 0f 00 	ðÿðÿð...........
0f 00 0f 00 0f 98 02 31 0e 40 00 0f 00 0f 00 0f 	.....˜.1.@......
00 0f ff f0 ff f0 ff f0 ff f0 ff f0 ff f0 ff f0 	..ÿðÿðÿðÿðÿðÿðÿð
ff f0 ff f0 ff f0 ff f0 ff f0 00 0f 00 0f 00 0f 	ÿðÿðÿðÿðÿð......
00 0f 00 0f 00 0f 00 0f 00 0f 00 0f 00 0f 00 0f 	................
00 0f ff f0 ff f0 ff f0 ff f0 5f 02 31 0e 80 ff 	..ÿðÿðÿðÿð_.1.€ÿ
f0 ff f0 ff f0 ff f0 ff f0 ff f0 ff f0 ff f0 00 	ðÿðÿðÿðÿðÿðÿðÿð.
00 00 00 00 00 00 00 00 00 00 00 00 00 00 00 00 	................
00 00 00 00 00 00 00 00 00 00 00 00 00 00 00 00 	................
00 00 00 00 00 00 00 00 00 00 00 00 00 00 00 37 	...............7
02 33 ff                                        	.3ÿ